[camera]
x=0.2820122
y=0.1736575
z=0.3017666
yaw=-80
pitch=6
dist=16.6
