[camera]
x=-0.007124529
y=-0.001942571
z=0.9633564
yaw=-118
pitch=87
dist=2.5
