[camera]
x=14.40219
y=1.726552
z=117.5582
yaw=0
pitch=55
dist=319.2542
[sysInfo]
LOD=0
visibleDebugWindow=False
visibleGrid=True
