[camera]
x=2.033832
y=1.433546
z=1.285981
yaw=114
pitch=16
dist=2.209717
[sysInfo]
visibleDebugWindow=False
visibleGrid=True
