[camera]
x=-12.05284
y=18.25795
z=-0.8660256
yaw=95
pitch=32
dist=7.6
