[camera]
x=2.921899
y=1.583504
z=1.691382
yaw=-144
pitch=10
dist=5.419888
[sysInfo]
visibleDebugWindow=False
visibleGrid=True
