[camera]
x=1.483428
y=0.2952423
z=0.8900249
yaw=-94
pitch=6
dist=1.649011
[sysInfo]
visibleDebugWindow=False
visibleGrid=True
