[camera]
x=1.608305
y=1.05299
z=1.315137
yaw=-88
pitch=14
dist=5.039806
[sysInfo]
visibleDebugWindow=False
visibleGrid=True
