[sysInfo]
visibleGrid=False
visibleDebugWindow=False
stepLength=0.015
lod=3
[camera]
x=-8.049207
y=84.27963
z=98.13414
yaw=139
pitch=11
dist=3.214352
