[camera]
x=244.9785
y=336.5287
z=25.17649
yaw=95
pitch=7
dist=37.55376
