[camera]
x=-40.51916
y=40.40491
z=181.6773
yaw=73
pitch=23
dist=0.6273289
[sysInfo]
LOD=1
visibleDebugWindow=False
visibleGrid=True
