[camera]
x=-3.738037
y=-1.187191
z=0
yaw=-49
pitch=35
dist=10
