[camera]
x=0.3924757
y=0.4225683
z=1.681594
yaw=-96
pitch=13
dist=9.778465
[sysInfo]
visibleDebugWindow=False
visibleGrid=False
