[camera]
x=0
y=0
z=0
yaw=-167
pitch=21
dist=74.75513
[sysInfo]
octaves=5
amplitude=0.5049998
frequency=2.799999
persistence=0.4150001
numCells=12
stepLength=0.01
minHeight=0.9699994
maxHeight=1
visibleDebugWindow=False
visibleGrid=False
cloudtype=1
boundSizeZ=4.205
boundSizeY=7.474999
boundSizeX=6.974999
boundHeight=4.92
