[camera]
x=1.783817
y=1.458161
z=1.517778
yaw=35
pitch=2
dist=3.314291
[sysInfo]
visibleDebugWindow=False
visibleGrid=False
