[camera]
x=0.5781995
y=0.2747046
z=1.078581
yaw=-90
pitch=28
dist=1.348366
[sysInfo]
visibleDebugWindow=False
visibleGrid=True
