[camera]
x=-122.9941
y=-81.93278
z=146.5233
yaw=-104
pitch=38
dist=6.340262
