[camera]
x=0.3991725
y=1.041998
z=1.203924
yaw=-110
pitch=31
dist=3.891819
[sysInfo]
visibleDebugWindow=False
visibleGrid=True
