[sysInfo]
visibleGrid=False
visibleDebugWindow=False
stepLength=0.015
lod=0
[camera]
x=-22.46832
y=9.710789
z=168.4373
yaw=97
pitch=29
dist=691.1935
