[camera]
x=1.589763
y=0.1493383
z=1.670529
yaw=-1
pitch=23
dist=8.034933
[sysInfo]
visibleDebugWindow=False
visibleGrid=True
