[camera]
x=1.293335
y=0.6719222
z=0.7006629
yaw=-77
pitch=11
dist=5.16226
[sysInfo]
visibleDebugWindow=False
visibleGrid=True
