[camera]
x=0.4402893
y=0.2086544
z=0.3071795
yaw=86
pitch=23
dist=4.728813
[sysInfo]
visibleDebugWindow=False
visibleGrid=True
