[camera]
x=1.353894
y=-59.74338
z=200
yaw=-15
pitch=51
dist=435.536
