[camera]
x=1.197933
y=1.017339
z=1.365843
yaw=-93
pitch=27
dist=1.052614
[sysInfo]
visibleDebugWindow=False
visibleGrid=True
