[camera]
x=3.647767
y=2.460448
z=150.5034
yaw=-47
pitch=27
dist=382.7397
