[camera]
x=10.50498
y=5.031641
z=0
yaw=22
pitch=28
dist=26.1393
[sysInfo]
visibleDebugWindow=False
visibleGrid=False
cloudDensity=0.8
g=0.2400002
