[camera]
x=0.4071367
y=-1.092735
z=1.524772
yaw=-147
pitch=3
dist=0.3974715
[sysInfo]
visibleDebugWindow=False
visibleGrid=True
