[camera]
x=-102.0758
y=-83.61774
z=146.5233
yaw=-53
pitch=10
dist=5.686429
