[camera]
x=1.299717
y=-4.325134
z=0.4113
yaw=-58
pitch=19
dist=7.188375
[sysInfo]
visibleGrid=True
visibleDebugWindow=False
