[camera]
x=0.3247899
y=0.1162654
z=0.5614659
yaw=-71
pitch=13
dist=3.126749
[sysInfo]
visibleDebugWindow=False
visibleGrid=True
