[camera]
x=0.3663082
y=0.1274541
z=0.5783896
yaw=-27
pitch=8
dist=59.1597
[sysInfo]
visibleDebugWindow=False
visibleGrid=True
