[camera]
x=1.11759
y=0.368202
z=-0.3266311
yaw=154
pitch=11
dist=8.815916
[sysInfo]
visibleDebugWindow=False
visibleGrid=True
