[camera]
x=-557.2869
y=-20.45078
z=54.47747
yaw=153
pitch=16
dist=27.24671
[sysInfo]
visibleGrid=False
