[camera]
x=-0.04707141
y=0.1447172
z=1.524772
yaw=-80
pitch=10
dist=4.509573
[sysInfo]
visibleDebugWindow=False
visibleGrid=True
