[camera]
x=2.030043
y=3.114348
z=0.3047107
yaw=-112
pitch=9
dist=13.58416
[sysInfo]
visibleDebugWindow=False
visibleGrid=True
