[camera]
x=5.913703
y=0.9645565
z=1.556113
yaw=-118
pitch=27
dist=14.90731
[sysInfo]
visibleDebugWindow=False
visibleGrid=True
