[sysInfo]
visibleGrid=False
visibleDebugWindow=False
stepLength=0.015
lod=0
[camera]
x=8.927242
y=51.00103
z=101.5678
yaw=4
pitch=17
dist=97.21372
