[camera]
x=0.04913102
y=-1.437718
z=1
yaw=-98
pitch=29
dist=3.468035
[sysInfo]
visibleDebugWindow=False
visibleGrid=True
