[camera]
x=2.067699
y=-0.3337774
z=0.1581875
yaw=-65
pitch=15
dist=0.9979527
[sysInfo]
visibleDebugWindow=False
visibleGrid=True
