[camera]
x=4.447673
y=3.068546
z=0
yaw=67
pitch=35
dist=26.06859
[sysInfo]
visibleDebugWindow=False
visibleGrid=False
cloudDensity=0.8
g=0.1900001
