[sysInfo]
visibleGrid=True
visibleDebugWindow=False
[camera]
x=4.478805
y=-0.3290764
z=2.979911
yaw=-72
pitch=23
dist=4.887112
