[camera]
x=0.7199433
y=0.2677143
z=1.920504
yaw=-143
pitch=75
dist=3.623429
[sysInfo]
visibleDebugWindow=False
visibleGrid=False
