[camera]
x=1.82447
y=-0.317076
z=0.9091401
yaw=-91
pitch=17
dist=5.227039
[sysInfo]
visibleDebugWindow=False
visibleGrid=True
