[camera]
x=1.125704
y=-0.6108061
z=0.818035
yaw=-132
pitch=20
dist=3.334091
[sysInfo]
visibleDebugWindow=False
visibleGrid=True
