[camera]
x=1.154763
y=1.40036
z=0.8024623
yaw=-99
pitch=9
dist=4.846374
[sysInfo]
visibleDebugWindow=False
visibleGrid=True
