[sysInfo]
visibleGrid=True
visibleDebugWindow=False
[camera]
x=3.461847
y=0.7188603
z=0
yaw=-155
pitch=29
dist=28.58604
