[camera]
x=1.479103
y=0.153845
z=1.356725
yaw=-58
pitch=27
dist=44.68073
[sysInfo]
visibleDebugWindow=False
visibleGrid=True
