[camera]
x=2.033832
y=1.433546
z=1.285981
yaw=174
pitch=18
dist=3.894277
[sysInfo]
visibleDebugWindow=False
visibleGrid=True
