[camera]
x=2.214356
y=2.061187
z=0.4568816
yaw=173
pitch=10
dist=2.596273
[sysInfo]
visibleDebugWindow=False
visibleGrid=True
