[camera]
x=5.398183
y=-1.667097
z=1.691382
yaw=-105
pitch=5
dist=2.499765
[sysInfo]
visibleDebugWindow=False
visibleGrid=False
