[camera]
x=-2.092602
y=0.4346329
z=1
yaw=-100
pitch=13
dist=6.834224
[sysInfo]
visibleDebugWindow=False
visibleGrid=True
