[camera]
x=0.9862427
y=-3.823438
z=0.3212581
yaw=-178
pitch=21
dist=6.985028
[sysInfo]
visibleDebugWindow=False
visibleGrid=True
