[camera]
x=1.389051
y=1.802647
z=0.6549477
yaw=136
pitch=28
dist=4.715859
[sysInfo]
visibleDebugWindow=False
visibleGrid=True
