[camera]
x=4.803771
y=1.774354
z=1.084458
yaw=-98
pitch=15
dist=8.260373
[sysInfo]
visibleDebugWindow=False
visibleGrid=True
