[camera]
x=2.12478
y=-0.4971862
z=0.8036746
yaw=114
pitch=10
dist=25.97584
[sysInfo]
visibleDebugWindow=False
visibleGrid=True
