[camera]
x=0.1755841
y=1.798785
z=0.791689
yaw=-90
pitch=2
dist=2.969889
[sysInfo]
visibleDebugWindow=False
visibleGrid=True
