[camera]
x=1.896381
y=1.80403
z=0.6386995
yaw=-140
pitch=2
dist=2.203579
[sysInfo]
visibleDebugWindow=False
visibleGrid=True
