[camera]
x=12.42048
y=8.841714
z=-4.422351
yaw=-139
pitch=23
dist=19.30136
[sysInfo]
visibleDebugWindow=False
visibleGrid=False
