[camera]
x=1.824423
y=1.531006
z=1.407835
yaw=-27
pitch=8
dist=3.38441
[sysInfo]
visibleDebugWindow=False
visibleGrid=True
