[camera]
x=1.252038
y=0.6726945
z=1.425061
yaw=-68
pitch=27
dist=1.803253
[sysInfo]
visibleDebugWindow=False
visibleGrid=True
