[camera]
x=1.2
y=-8.699997
z=0
yaw=0
pitch=0
dist=1.970052
