[camera]
x=-3.904641
y=-4.320119
z=1.855641
yaw=-117
pitch=28
dist=2.707903
[sysInfo]
visibleDebugWindow=False
visibleGrid=True
