[camera]
x=1.293335
y=0.6719222
z=0.7006629
yaw=-73
pitch=26
dist=7.777036
[sysInfo]
visibleDebugWindow=False
visibleGrid=True
