[camera]
x=0.1943989
y=-0.1311235
z=0.8036746
yaw=170
pitch=9
dist=5.952991
[sysInfo]
visibleDebugWindow=False
visibleGrid=True
