[camera]
x=0.4402893
y=0.2086544
z=0.3071795
yaw=-34
pitch=11
dist=20.63415
[sysInfo]
visibleDebugWindow=False
visibleGrid=True
