[camera]
x=1.819612
y=0.1669208
z=0.6600934
yaw=-85
pitch=23
dist=2.750348
[sysInfo]
visibleDebugWindow=False
visibleGrid=True
