[camera]
x=-1.559872
y=0.8744184
z=0.6009744
yaw=63
pitch=4
dist=4.86861
[sysInfo]
visibleDebugWindow=False
visibleGrid=True
