[camera]
x=0.005500235
y=0.004297255
z=1.199878
yaw=-69
pitch=15
dist=1.421598
[sysInfo]
visibleDebugWindow=False
visibleGrid=True
