[camera]
x=0.04913102
y=-1.437718
z=1
yaw=-85
pitch=16
dist=4.105667
[sysInfo]
visibleDebugWindow=False
visibleGrid=True
