[camera]
x=-2.152781
y=-4.073244
z=0.3237051
yaw=179
pitch=11
dist=4.80069
[sysInfo]
visibleDebugWindow=False
visibleGrid=True
