[camera]
x=1.271063
y=0.896666
z=1.56702
yaw=-89
pitch=-7
dist=1.517192
[sysInfo]
visibleDebugWindow=False
visibleGrid=True
