[sysInfo]
stepLength=0.004999997
boundSizeZ=3
boundSizeY=3
boundSizeX=2
boundHeight=3
=0.05
cloudtype=1.5
visibleGrid=False
visibleDebugWindow=False
[camera]
x=-1.277722
y=0.4057496
z=0.5631906
yaw=164
pitch=24
dist=8.135555
