[camera]
x=-1.967538
y=0.02671351
z=1.873787
yaw=140
pitch=17
dist=3.438617
[sysInfo]
visibleDebugWindow=False
visibleGrid=True
