[camera]
x=2.677228
y=1.100579
z=1.281339
yaw=-114
pitch=13
dist=5.054724
[sysInfo]
visibleDebugWindow=False
visibleGrid=True
