[camera]
x=0
y=-0.9000001
z=0
yaw=0
pitch=0
dist=8.726901
